Episode,Steps,RewardZ1,RewardZ2,GoalReached,Epsilon,WastedByPenalty,WastedByNoEffect
0,0,0.00,0.00,0,0.300000,0,0
1,0,0.00,0.00,1,0.300000,0,0
2,20,-164.00,126.00,0,0.299100,7,6
3,0,0.00,0.00,1,0.298203,0,0
4,9,36.00,38.00,1,0.297308,5,2
5,20,-179.00,109.00,0,0.296416,10,13
6,0,0.00,0.00,1,0.295527,0,0
7,20,-95.00,80.00,0,0.294640,4,17
8,20,-53.00,62.00,0,0.293756,12,6
9,20,-20.00,80.00,0,0.292875,9,7
10,20,-44.00,18.00,0,0.291997,15,3
11,0,0.00,0.00,1,0.291121,0,0
12,20,-149.00,126.00,0,0.290247,9,18
13,0,0.00,0.00,1,0.289376,0,0
14,16,64.00,46.00,1,0.288508,4,10
15,20,-134.00,164.00,0,0.287643,6,11
16,0,0.00,0.00,1,0.286780,0,0
17,20,-70.00,80.00,0,0.285920,12,4
18,20,-137.00,103.00,0,0.285062,13,4
19,20,-56.00,-9.00,0,0.284207,10,8
20,20,17.00,-68.00,0,0.283354,19,5
21,0,0.00,0.00,1,0.282504,0,0
22,20,-134.00,111.00,0,0.281656,10,15
23,0,0.00,0.00,1,0.280811,0,0
24,4,16.00,88.00,1,0.279969,1,1
25,20,-134.00,126.00,0,0.279129,8,8
26,0,0.00,0.00,1,0.278292,0,0
27,20,-60.00,56.00,0,0.277457,11,4
28,20,-61.00,54.00,0,0.276624,20,1
29,20,60.00,-84.00,0,0.275795,18,2
30,20,-91.00,49.00,0,0.274967,16,5
31,0,0.00,0.00,1,0.274142,0,0
32,20,-77.00,118.00,0,0.273320,4,16
33,0,0.00,0.00,1,0.272500,0,0
34,6,24.00,71.00,1,0.271682,2,3
35,20,-99.00,144.00,0,0.270867,5,14
36,0,0.00,0.00,1,0.270055,0,0
37,20,-78.00,56.00,0,0.269245,8,10
38,20,-62.00,63.00,0,0.268437,17,3
39,20,51.00,-14.00,0,0.267632,15,2
40,20,-110.00,91.00,0,0.266829,12,6
41,0,0.00,0.00,1,0.266028,0,0
42,20,-73.00,97.00,0,0.265230,8,12
43,0,0.00,0.00,1,0.264434,0,0
44,4,16.00,88.00,1,0.263641,1,0
45,20,-127.00,140.00,0,0.262850,12,3
46,0,0.00,0.00,1,0.262062,0,0
47,20,-30.00,-22.00,0,0.261275,15,2
48,20,-85.00,65.00,0,0.260492,18,3
49,20,43.00,84.00,0,0.259710,12,3
50,20,2.00,-103.00,0,0.258931,16,6
51,0,0.00,0.00,1,0.258154,0,0
52,20,-124.00,196.00,0,0.257380,3,16
53,0,0.00,0.00,1,0.256608,0,0
54,3,12.00,99.00,1,0.255838,0,0
55,20,-92.00,32.00,0,0.255070,19,3
56,0,0.00,0.00,1,0.254305,0,0
57,20,-90.00,80.00,0,0.253542,11,4
58,20,-34.00,18.00,0,0.252781,9,4
59,20,80.00,-45.00,0,0.252023,17,2
60,20,67.00,-148.00,0,0.251267,15,5
61,0,0.00,0.00,1,0.250513,0,0
62,20,-89.00,81.00,0,0.249762,14,8
63,0,0.00,0.00,1,0.249012,0,0
64,5,20.00,77.00,1,0.248265,2,1
65,20,-129.00,91.00,0,0.247521,19,4
66,0,0.00,0.00,1,0.246778,0,0
67,20,-60.00,80.00,0,0.246038,9,2
68,20,1.00,6.00,0,0.245300,17,2
69,20,0.00,10.00,0,0.244564,17,5
70,20,72.00,-198.00,0,0.243830,20,2
71,0,0.00,0.00,1,0.243099,0,0
72,20,-61.00,52.00,0,0.242369,20,1
73,0,0.00,0.00,1,0.241642,0,0
74,2,8.00,49.00,1,0.240917,0,0
75,20,-79.00,41.00,0,0.240194,13,1
76,0,0.00,0.00,1,0.239474,0,0
77,20,-60.00,80.00,0,0.238755,9,2
78,20,22.00,-53.00,0,0.238039,18,6
79,20,56.00,-59.00,0,0.237325,18,6
80,20,2.00,-2.00,0,0.236613,12,4
81,0,0.00,0.00,1,0.235903,0,0
82,20,-117.00,188.00,0,0.235196,5,14
83,0,0.00,0.00,1,0.234490,0,0
84,6,24.00,88.00,1,0.233786,2,1
85,20,-105.00,100.00,0,0.233085,20,0
86,0,0.00,0.00,1,0.232386,0,0
87,20,-90.00,40.00,0,0.231689,15,2
88,20,-14.00,87.00,0,0.230994,15,5
89,20,35.00,-5.00,0,0.230301,16,3
90,20,72.00,-183.00,0,0.229610,17,4
91,0,0.00,0.00,1,0.228921,0,0
92,20,-134.00,188.00,0,0.228234,5,14
93,0,0.00,0.00,1,0.227549,0,0
94,4,16.00,98.00,1,0.226867,0,1
95,20,-89.00,42.00,0,0.226186,20,3
96,0,0.00,0.00,1,0.225508,0,0
97,20,-90.00,80.00,0,0.224831,10,4
98,20,-62.00,-25.00,0,0.224157,14,6
99,20,-100.00,72.00,0,0.223484,8,10
100,20,-54.00,82.00,0,0.222814,7,4
101,0,0.00,0.00,1,0.222145,0,0
102,20,-66.00,111.00,0,0.221479,12,6
103,0,0.00,0.00,1,0.220814,0,0
104,5,20.00,87.00,1,0.220152,1,0
105,20,-87.00,37.00,0,0.219492,20,3
106,0,0.00,0.00,1,0.218833,0,0
107,20,-20.00,80.00,0,0.218177,7,5
108,20,11.00,-64.00,0,0.217522,14,12
109,20,72.00,-51.00,0,0.216869,12,6
110,20,-4.00,-18.00,0,0.216219,10,7
111,0,0.00,0.00,1,0.215570,0,0
112,20,-38.00,26.00,0,0.214923,18,3
113,0,0.00,0.00,1,0.214279,0,0
114,3,12.00,99.00,1,0.213636,0,0
115,20,-77.00,55.00,0,0.212995,16,4
116,0,0.00,0.00,1,0.212356,0,0
117,20,-35.00,26.00,0,0.211719,6,10
118,20,-43.00,62.00,0,0.211084,12,5
119,20,-95.00,80.00,0,0.210450,12,4
120,20,80.00,-170.00,0,0.209819,11,9
121,0,0.00,0.00,1,0.209190,0,0
122,20,-85.00,148.00,0,0.208562,7,13
123,0,0.00,0.00,1,0.207936,0,0
124,3,12.00,99.00,1,0.207313,0,0
125,20,-99.00,32.00,0,0.206691,20,3
126,0,0.00,0.00,1,0.206071,0,0
127,20,-58.00,25.00,0,0.205452,13,5
128,20,-28.00,12.00,0,0.204836,14,7
129,20,18.00,3.00,0,0.204222,12,8
130,20,80.00,-180.00,0,0.203609,13,12
131,0,0.00,0.00,1,0.202998,0,0
132,20,-66.00,109.00,0,0.202389,12,8
133,0,0.00,0.00,1,0.201782,0,0
134,3,12.00,99.00,1,0.201177,0,0
135,20,1.00,-12.00,0,0.200573,19,2
136,0,0.00,0.00,1,0.199971,0,0
137,20,-70.00,80.00,0,0.199371,4,14
138,20,-98.00,67.00,0,0.198773,14,4
139,20,65.00,-30.00,0,0.198177,12,4
140,20,72.00,-148.00,0,0.197582,12,10
141,0,0.00,0.00,1,0.196990,0,0
142,20,48.00,-52.00,0,0.196399,12,12
143,0,0.00,0.00,1,0.195809,0,0
144,3,12.00,99.00,1,0.195222,0,0
145,20,-79.00,66.00,0,0.194636,15,6
146,0,0.00,0.00,1,0.194052,0,0
147,20,-30.00,80.00,0,0.193470,4,13
148,20,-83.00,8.00,0,0.192890,14,4
149,20,-34.00,13.00,0,0.192311,14,4
150,20,1.00,-33.00,0,0.191734,12,10
151,0,0.00,0.00,1,0.191159,0,0
152,20,-93.00,122.00,0,0.190586,12,10
153,0,0.00,0.00,1,0.190014,0,0
154,3,12.00,99.00,1,0.189444,0,0
155,20,-53.00,37.00,0,0.188876,18,2
156,0,0.00,0.00,1,0.188309,0,0
157,20,-55.00,80.00,0,0.187744,6,9
158,20,18.00,-27.00,0,0.187181,14,6
159,20,54.00,90.00,0,0.186619,10,3
160,20,16.00,-38.00,0,0.186059,11,9
161,0,0.00,0.00,1,0.185501,0,0
162,20,-129.00,188.00,0,0.184945,5,14
163,0,0.00,0.00,1,0.184390,0,0
164,1,4.00,50.00,1,0.183837,0,0
165,20,-66.00,69.00,0,0.183285,11,8
166,0,0.00,0.00,1,0.182735,0,0
167,20,-45.00,80.00,0,0.182187,4,15
168,20,36.00,-34.00,0,0.181641,11,10
169,20,53.00,-17.00,0,0.181096,11,6
170,20,80.00,-155.00,0,0.180552,10,12
171,0,0.00,0.00,1,0.180011,0,0
172,20,-80.00,135.00,0,0.179471,8,13
173,0,0.00,0.00,1,0.178932,0,0
174,3,12.00,99.00,1,0.178395,0,0
175,20,-83.00,87.00,0,0.177860,10,10
176,0,0.00,0.00,1,0.177327,0,0
177,20,40.00,-5.00,0,0.176795,7,11
178,20,-58.00,98.00,0,0.176264,13,5
179,20,36.00,47.00,0,0.175735,10,8
180,20,57.00,-98.00,0,0.175208,10,12
181,0,0.00,0.00,1,0.174683,0,0
182,20,-13.00,63.00,0,0.174159,10,12
183,0,0.00,0.00,1,0.173636,0,0
184,3,12.00,99.00,1,0.173115,0,0
185,20,-95.00,110.00,0,0.172596,10,8
186,0,0.00,0.00,1,0.172078,0,0
187,20,15.00,-59.00,0,0.171562,10,9
188,20,-80.00,90.00,0,0.171047,11,5
189,20,46.00,11.00,0,0.170534,10,7
190,20,72.00,-88.00,0,0.170022,8,16
191,0,0.00,0.00,1,0.169512,0,0
192,20,-62.00,93.00,0,0.169004,5,15
193,0,0.00,0.00,1,0.168497,0,0
194,3,12.00,99.00,1,0.167991,0,0
195,20,-80.00,110.00,0,0.167487,7,12
196,0,0.00,0.00,1,0.166985,0,0
197,20,-30.00,80.00,0,0.166484,2,17
198,20,-40.00,50.00,0,0.165984,9,9
199,20,44.00,4.00,0,0.165487,9,9
200,20,80.00,-80.00,0,0.164990,5,16
201,0,0.00,0.00,1,0.164495,0,0
202,20,-50.00,51.00,0,0.164002,12,11
203,0,0.00,0.00,1,0.163510,0,0
204,3,12.00,99.00,1,0.163019,0,0
205,20,-56.00,59.00,0,0.162530,14,5
206,0,0.00,0.00,1,0.162042,0,0
207,20,-40.00,80.00,0,0.161556,2,13
208,20,34.00,-16.00,0,0.161072,9,10
209,20,21.00,97.00,0,0.160588,12,3
210,20,47.00,3.00,0,0.160107,6,14
211,0,0.00,0.00,1,0.159626,0,0
212,20,-119.00,223.00,0,0.159147,5,13
213,0,0.00,0.00,1,0.158670,0,0
214,4,16.00,88.00,1,0.158194,1,1
215,20,-62.00,68.00,0,0.157719,14,4
216,0,0.00,0.00,1,0.157246,0,0
217,20,29.00,-60.00,0,0.156775,13,5
218,20,-25.00,30.00,0,0.156304,8,13
219,20,88.00,59.00,0,0.155835,9,2
220,20,47.00,-12.00,0,0.155368,8,13
221,0,0.00,0.00,1,0.154902,0,0
222,20,-77.00,116.00,0,0.154437,9,12
223,0,0.00,0.00,1,0.153974,0,0
224,3,12.00,99.00,1,0.153512,0,0
225,20,-23.00,3.00,0,0.153051,6,14
226,0,0.00,0.00,1,0.152592,0,0
227,20,33.00,-44.00,0,0.152134,8,9
228,20,-18.00,27.00,0,0.151678,11,9
229,20,37.00,78.00,0,0.151223,8,7
230,20,32.00,8.00,0,0.150769,7,14
231,0,0.00,0.00,1,0.150317,0,0
232,20,-33.00,67.00,0,0.149866,4,16
233,0,0.00,0.00,1,0.149416,0,0
234,3,12.00,99.00,1,0.148968,0,0
235,20,-63.00,102.00,0,0.148521,7,12
236,0,0.00,0.00,1,0.148076,0,0
237,20,-30.00,57.00,0,0.147631,4,11
238,20,36.00,72.00,0,0.147188,11,4
239,20,9.00,146.00,0,0.146747,11,5
240,20,80.00,-55.00,0,0.146307,3,16
241,0,0.00,0.00,1,0.145868,0,0
242,20,-68.00,127.00,0,0.145430,9,11
243,0,0.00,0.00,1,0.144994,0,0
244,6,24.00,41.00,1,0.144559,2,2
245,20,-57.00,70.00,0,0.144125,15,4
246,0,0.00,0.00,1,0.143693,0,0
247,20,-40.00,80.00,0,0.143262,3,15
248,20,19.00,151.00,0,0.142832,10,4
249,20,88.00,186.00,0,0.142403,10,2
250,20,18.00,-17.00,0,0.141976,7,13
251,0,0.00,0.00,1,0.141550,0,0
252,20,-40.00,106.00,0,0.141126,7,14
253,0,0.00,0.00,1,0.140702,0,0
254,3,12.00,99.00,1,0.140280,0,0
255,20,-74.00,36.00,0,0.139859,15,8
256,0,0.00,0.00,1,0.139440,0,0
257,20,-18.00,18.00,0,0.139021,4,14
258,20,17.00,240.00,0,0.138604,11,1
259,20,74.00,156.00,0,0.138189,8,3
260,20,39.00,25.00,0,0.137774,7,12
261,0,0.00,0.00,1,0.137361,0,0
262,20,-114.00,191.00,0,0.136949,3,16
263,0,0.00,0.00,1,0.136538,0,0
264,2,8.00,89.00,1,0.136128,0,0
265,20,-120.00,111.00,0,0.135720,18,4
266,0,0.00,0.00,1,0.135313,0,0
267,20,-45.00,80.00,0,0.134907,5,11
268,20,17.00,240.00,0,0.134502,11,1
269,20,68.00,140.00,0,0.134098,12,1
270,20,80.00,-50.00,0,0.133696,2,20
271,0,0.00,0.00,1,0.133295,0,0
272,20,-63.00,113.00,0,0.132895,11,8
273,0,0.00,0.00,1,0.132496,0,0
274,3,12.00,99.00,1,0.132099,0,0
275,20,-70.00,-3.00,0,0.131703,14,7
276,0,0.00,0.00,1,0.131308,0,0
277,20,-20.00,80.00,0,0.130914,0,17
278,20,27.00,225.00,0,0.130521,11,1
279,20,76.00,194.00,0,0.130129,9,2
280,20,72.00,-53.00,0,0.129739,5,16
281,0,0.00,0.00,1,0.129350,0,0
282,20,-144.00,191.00,0,0.128962,6,15
283,0,0.00,0.00,1,0.128575,0,0
284,3,12.00,83.00,1,0.128189,0,1
285,20,13.00,-18.00,0,0.127805,13,8
286,0,0.00,0.00,1,0.127421,0,0
287,20,-18.00,-38.00,0,0.127039,10,11
288,20,27.00,286.00,0,0.126658,10,0
289,20,81.00,179.00,0,0.126278,10,2
290,20,64.00,-46.00,0,0.125899,7,14
291,0,0.00,0.00,1,0.125521,0,0
292,20,-48.00,108.00,0,0.125145,10,9
293,0,0.00,0.00,1,0.124769,0,0
294,1,4.00,50.00,1,0.124395,0,0
295,20,-28.00,31.00,0,0.124022,12,7
296,0,0.00,0.00,1,0.123650,0,0
297,20,-45.00,80.00,0,0.123279,2,19
298,20,-93.00,118.00,0,0.122909,15,3
299,20,36.00,148.00,0,0.122540,9,2
300,20,47.00,28.00,0,0.122173,4,12
301,0,0.00,0.00,1,0.121806,0,0
302,20,-42.00,119.00,0,0.121441,5,16
303,0,0.00,0.00,1,0.121076,0,0
304,5,20.00,87.00,1,0.120713,1,0
305,20,-55.00,74.00,0,0.120351,8,10
306,0,0.00,0.00,1,0.119990,0,0
307,20,16.00,-52.00,0,0.119630,13,6
308,20,15.00,248.00,0,0.119271,9,3
309,20,36.00,123.00,0,0.118913,10,4
310,20,80.00,-45.00,0,0.118556,2,20
311,0,0.00,0.00,1,0.118201,0,0
312,20,-45.00,60.00,0,0.117846,8,14
313,0,0.00,0.00,1,0.117493,0,0
314,3,12.00,99.00,1,0.117140,0,0
315,20,-55.00,57.00,0,0.116789,9,11
316,0,0.00,0.00,1,0.116438,0,0
317,20,-19.00,-13.00,0,0.116089,13,7
318,20,30.00,233.00,0,0.115741,9,1
319,20,76.00,194.00,0,0.115394,9,1
320,20,72.00,-63.00,0,0.115047,6,14
321,0,0.00,0.00,1,0.114702,0,0
322,20,-64.00,147.00,0,0.114358,3,18
323,0,0.00,0.00,1,0.114015,0,0
324,3,12.00,99.00,1,0.113673,0,0
325,20,-47.00,78.00,0,0.113332,5,16
326,0,0.00,0.00,1,0.112992,0,0
327,20,-6.00,-41.00,0,0.112653,10,10
328,20,32.00,235.00,0,0.112315,10,1
329,20,46.00,133.00,0,0.111978,12,1
330,20,80.00,-40.00,0,0.111642,2,20
331,0,0.00,0.00,1,0.111307,0,0
332,20,-114.00,196.00,0,0.110973,2,17
333,0,0.00,0.00,1,0.110640,0,0
334,3,12.00,99.00,1,0.110308,0,0
335,20,-25.00,24.00,0,0.109978,12,11
336,0,0.00,0.00,1,0.109648,0,0
337,20,-23.00,3.00,0,0.109319,6,11
338,20,32.00,230.00,0,0.108991,10,1
339,20,14.00,126.00,0,0.108664,10,3
340,20,-14.00,31.00,0,0.108338,12,8
341,0,0.00,0.00,1,0.108013,0,0
342,20,-33.00,98.00,0,0.107689,9,12
343,0,0.00,0.00,1,0.107366,0,0
344,4,16.00,88.00,1,0.107044,1,0
345,20,26.00,-18.00,0,0.106722,13,8
346,0,0.00,0.00,1,0.106402,0,0
347,20,-20.00,80.00,0,0.106083,0,19
348,20,56.00,194.00,0,0.105765,11,0
349,20,167.00,140.00,0,0.105448,10,0
350,20,-71.00,146.00,0,0.105131,14,4
351,0,0.00,0.00,1,0.104816,0,0
352,20,-40.00,96.00,0,0.104501,9,12
353,0,0.00,0.00,1,0.104188,0,0
354,4,16.00,88.00,1,0.103875,1,0
355,20,-28.00,28.00,0,0.103564,14,7
356,0,0.00,0.00,1,0.103253,0,0
357,20,-40.00,80.00,0,0.102943,3,15
358,20,32.00,225.00,0,0.102634,11,1
359,20,71.00,118.00,0,0.102326,12,3
360,20,-84.00,158.00,0,0.102019,15,2
361,0,0.00,0.00,1,0.101713,0,0
362,20,-37.00,119.00,0,0.101408,4,16
363,0,0.00,0.00,1,0.101104,0,0
364,3,12.00,99.00,1,0.100801,0,0
365,20,-38.00,35.00,0,0.100498,16,5
366,0,0.00,0.00,1,0.100197,0,0
367,20,-40.00,80.00,0,0.099896,2,19
368,20,15.00,248.00,0,0.099597,10,1
369,20,46.00,148.00,0,0.099298,12,3
370,20,-64.00,143.00,0,0.099000,15,1
371,0,0.00,0.00,1,0.098703,0,0
372,20,-55.00,126.00,0,0.098407,7,14
373,0,0.00,0.00,1,0.098112,0,0
374,3,12.00,99.00,1,0.097817,0,0
375,20,-80.00,127.00,0,0.097524,14,6
376,0,0.00,0.00,1,0.097231,0,0
377,20,-20.00,80.00,0,0.096940,0,19
378,20,-99.00,172.00,0,0.096649,4,16
379,20,29.00,136.00,0,0.096359,8,5
380,20,-63.00,200.00,0,0.096070,11,0
381,0,0.00,0.00,1,0.095781,0,0
382,20,-47.00,124.00,0,0.095494,5,16
383,0,0.00,0.00,1,0.095208,0,0
384,4,16.00,88.00,1,0.094922,1,1
385,20,-36.00,45.00,0,0.094637,15,5
386,0,0.00,0.00,1,0.094353,0,0
387,20,11.00,-28.00,0,0.094070,4,17
388,20,76.00,164.00,0,0.093788,11,2
389,20,81.00,179.00,0,0.093507,10,2
390,20,-27.00,126.00,0,0.093226,15,2
391,0,0.00,0.00,1,0.092946,0,0
392,20,-57.00,154.00,0,0.092668,3,16
393,0,0.00,0.00,1,0.092390,0,0
394,4,16.00,58.00,1,0.092112,1,0
395,20,-50.00,54.00,0,0.091836,10,10
396,0,0.00,0.00,1,0.091561,0,0
397,20,-35.00,80.00,0,0.091286,3,14
398,20,-13.00,232.00,0,0.091012,11,0
399,20,56.00,194.00,0,0.090739,11,0
400,20,-49.00,164.00,0,0.090467,12,3
401,0,0.00,0.00,1,0.090195,0,0
402,20,-47.00,124.00,0,0.089925,5,16
403,0,0.00,0.00,1,0.089655,0,0
404,3,12.00,99.00,1,0.089386,0,0
405,20,-43.00,23.00,0,0.089118,15,7
406,0,0.00,0.00,1,0.088851,0,0
407,20,-20.00,80.00,0,0.088584,0,19
408,20,27.00,286.00,0,0.088318,10,0
409,20,56.00,194.00,0,0.088053,11,0
410,20,-78.00,195.00,0,0.087789,13,1
411,0,0.00,0.00,1,0.087526,0,0
412,20,-57.00,154.00,0,0.087263,3,16
413,0,0.00,0.00,1,0.087001,0,0
414,3,12.00,99.00,1,0.086740,0,0
415,20,-38.00,21.00,0,0.086480,12,9
416,0,0.00,0.00,1,0.086221,0,0
417,20,-6.00,-8.00,0,0.085962,7,11
418,20,-8.00,215.00,0,0.085704,10,3
419,20,132.00,64.00,0,0.085447,12,2
420,20,-73.00,180.00,0,0.085191,14,1
421,0,0.00,0.00,1,0.084935,0,0
422,20,-74.00,167.00,0,0.084680,3,15
423,0,0.00,0.00,1,0.084426,0,0
424,4,16.00,98.00,1,0.084173,0,1
425,20,-62.00,59.00,0,0.083921,4,14
426,0,0.00,0.00,1,0.083669,0,0
427,20,-20.00,80.00,0,0.083418,0,19
428,20,27.00,286.00,0,0.083168,10,0
429,20,56.00,189.00,0,0.082918,11,2
430,20,-78.00,241.00,0,0.082669,13,0
431,0,0.00,0.00,1,0.082421,0,0
432,20,-77.00,164.00,0,0.082174,4,16
433,0,0.00,0.00,1,0.081927,0,0
434,3,12.00,99.00,1,0.081682,0,0
435,20,-25.00,11.00,0,0.081437,14,9
436,0,0.00,0.00,1,0.081192,0,0
437,20,13.00,-47.00,0,0.080949,14,6
438,20,27.00,286.00,0,0.080706,10,0
439,20,66.00,194.00,0,0.080464,10,0
440,20,-78.00,195.00,0,0.080222,13,1
441,0,0.00,0.00,1,0.079982,0,0
442,20,-59.00,152.00,0,0.079742,2,18
443,0,0.00,0.00,1,0.079503,0,0
444,3,12.00,99.00,1,0.079264,0,0
445,20,23.00,-20.00,0,0.079026,11,10
446,0,0.00,0.00,1,0.078789,0,0
447,20,-20.00,80.00,0,0.078553,0,19
448,20,27.00,286.00,0,0.078317,10,0
449,20,-20.00,52.00,0,0.078082,5,3
450,20,-73.00,180.00,0,0.077848,14,1
451,0,0.00,0.00,1,0.077614,0,0
452,20,-79.00,172.00,0,0.077382,2,18
453,0,0.00,0.00,1,0.077149,0,0
454,3,12.00,99.00,1,0.076918,0,0
455,20,-70.00,55.00,0,0.076687,13,10
456,0,0.00,0.00,1,0.076457,0,0
457,20,-25.00,80.00,0,0.076228,0,19
458,20,56.00,194.00,0,0.075999,11,0
459,20,66.00,194.00,0,0.075771,10,0
460,20,-78.00,241.00,0,0.075544,13,0
461,0,0.00,0.00,1,0.075317,0,0
462,20,-74.00,172.00,0,0.075091,1,18
463,0,0.00,0.00,1,0.074866,0,0
464,3,12.00,99.00,1,0.074641,0,0
465,20,36.00,-10.00,0,0.074417,10,10
466,0,0.00,0.00,1,0.074194,0,0
467,20,-30.00,80.00,0,0.073972,1,19
468,20,61.00,184.00,0,0.073750,10,2
469,20,56.00,194.00,0,0.073528,11,0
470,20,-78.00,241.00,0,0.073308,13,0
471,0,0.00,0.00,1,0.073088,0,0
472,20,-69.00,172.00,0,0.072869,1,18
473,0,0.00,0.00,1,0.072650,0,0
474,3,12.00,99.00,1,0.072432,0,0
475,20,-27.00,-27.00,0,0.072215,10,11
476,0,0.00,0.00,1,0.071998,0,0
477,20,-30.00,80.00,0,0.071782,2,15
478,20,27.00,286.00,0,0.071567,10,0
479,20,76.00,186.00,0,0.071352,10,0
480,20,-83.00,256.00,0,0.071138,12,1
481,0,0.00,0.00,1,0.070925,0,0
482,20,-77.00,202.00,0,0.070712,5,12
483,0,0.00,0.00,1,0.070500,0,0
484,3,12.00,99.00,1,0.070288,0,0
485,20,-134.00,152.00,0,0.070077,6,15
486,0,0.00,0.00,1,0.069867,0,0
487,20,-30.00,80.00,0,0.069658,1,19
488,20,76.00,184.00,0,0.069449,9,2
489,20,76.00,194.00,0,0.069240,9,1
490,20,-78.00,180.00,0,0.069033,14,1
491,0,0.00,0.00,1,0.068825,0,0
492,20,-79.00,164.00,0,0.068619,3,16
493,0,0.00,0.00,1,0.068413,0,0
494,4,16.00,88.00,1,0.068208,1,1
495,20,21.00,-30.00,0,0.068003,12,10
496,0,0.00,0.00,1,0.067799,0,0
497,20,-20.00,80.00,0,0.067596,0,19
498,20,-43.00,194.00,0,0.067393,9,6
499,20,76.00,194.00,0,0.067191,9,1
500,20,-54.00,164.00,0,0.066989,13,1
501,0,0.00,0.00,1,0.066788,0,0
502,20,-77.00,210.00,0,0.066588,5,11
503,0,0.00,0.00,1,0.066388,0,0
504,4,16.00,93.00,1,0.066189,0,1
505,20,-25.00,52.00,0,0.065990,8,12
506,0,0.00,0.00,1,0.065792,0,0
507,20,-40.00,80.00,0,0.065595,3,13
508,20,-5.00,248.00,0,0.065398,11,1
509,20,117.00,94.00,0,0.065202,10,2
510,20,-78.00,241.00,0,0.065007,13,0
511,0,0.00,0.00,1,0.064811,0,0
512,20,-69.00,172.00,0,0.064617,1,18
513,0,0.00,0.00,1,0.064423,0,0
514,3,12.00,99.00,1,0.064230,0,0
515,20,26.00,-22.00,0,0.064037,9,12
516,0,0.00,0.00,1,0.063845,0,0
517,20,-20.00,80.00,0,0.063654,0,19
518,20,27.00,286.00,0,0.063463,10,0
519,20,76.00,179.00,0,0.063272,10,1
520,20,-29.00,141.00,0,0.063082,13,0
521,0,0.00,0.00,1,0.062893,0,0
522,20,-79.00,172.00,0,0.062705,2,18
523,0,0.00,0.00,1,0.062516,0,0
524,3,12.00,99.00,1,0.062329,0,0
525,20,-54.00,111.00,0,0.062142,1,18
526,0,0.00,0.00,1,0.061955,0,0
527,20,-35.00,80.00,0,0.061770,2,13
528,20,76.00,186.00,0,0.061584,10,0
529,20,66.00,194.00,0,0.061400,10,0
530,20,-39.00,144.00,0,0.061215,12,3
531,0,0.00,0.00,1,0.061032,0,0
532,20,-79.00,172.00,0,0.060849,3,15
533,0,0.00,0.00,1,0.060666,0,0
534,3,12.00,99.00,1,0.060484,0,0
535,20,31.00,-20.00,0,0.060303,11,10
536,0,0.00,0.00,1,0.060122,0,0
537,20,-30.00,80.00,0,0.059941,1,19
538,20,76.00,194.00,0,0.059761,10,0
539,20,56.00,189.00,0,0.059582,11,2
540,20,-95.00,195.00,0,0.059403,13,0
541,0,0.00,0.00,1,0.059225,0,0
542,20,-69.00,172.00,0,0.059048,1,18
543,0,0.00,0.00,1,0.058870,0,0
544,3,12.00,99.00,1,0.058694,0,0
545,20,-45.00,68.00,0,0.058518,10,12
546,0,0.00,0.00,1,0.058342,0,0
547,20,-30.00,80.00,0,0.058167,2,15
548,20,17.00,240.00,0,0.057993,11,1
549,20,76.00,179.00,0,0.057819,10,2
550,20,-39.00,149.00,0,0.057645,13,2
551,0,0.00,0.00,1,0.057472,0,0
552,20,-74.00,172.00,0,0.057300,1,18
553,0,0.00,0.00,1,0.057128,0,0
554,3,12.00,99.00,1,0.056957,0,0
555,20,-37.00,88.00,0,0.056786,3,16
556,0,0.00,0.00,1,0.056615,0,0
557,20,-20.00,80.00,0,0.056445,0,19
558,20,27.00,286.00,0,0.056276,10,0
559,20,66.00,194.00,0,0.056107,10,0
560,20,-78.00,180.00,0,0.055939,14,1
561,0,0.00,0.00,1,0.055771,0,0
562,20,-69.00,164.00,0,0.055604,2,16
563,0,0.00,0.00,1,0.055437,0,0
564,3,12.00,99.00,1,0.055271,0,0
565,20,36.00,-37.00,0,0.055105,10,10
566,0,0.00,0.00,1,0.054940,0,0
567,20,-20.00,80.00,0,0.054775,1,17
568,20,-13.00,240.00,0,0.054610,11,0
569,20,66.00,194.00,0,0.054447,10,0
570,20,-78.00,241.00,0,0.054283,13,0
571,0,0.00,0.00,1,0.054120,0,0
572,20,-69.00,172.00,0,0.053958,1,18
573,0,0.00,0.00,1,0.053796,0,0
574,3,12.00,99.00,1,0.053635,0,0
575,20,42.00,-46.00,0,0.053474,7,16
576,0,0.00,0.00,1,0.053314,0,0
577,20,-50.00,80.00,0,0.053154,3,15
578,20,-25.00,243.00,0,0.052994,9,2
579,20,66.00,194.00,0,0.052835,10,0
580,20,-65.00,178.00,0,0.052677,12,0
581,0,0.00,0.00,1,0.052519,0,0
582,20,-69.00,172.00,0,0.052361,1,18
583,0,0.00,0.00,1,0.052204,0,0
584,3,12.00,99.00,1,0.052047,0,0
585,20,-79.00,126.00,0,0.051891,3,14
586,0,0.00,0.00,1,0.051736,0,0
587,20,-20.00,80.00,0,0.051580,0,19
588,20,-40.00,228.00,0,0.051426,12,2
589,20,66.00,194.00,0,0.051271,10,0
590,20,-73.00,180.00,0,0.051117,14,1
591,0,0.00,0.00,1,0.050964,0,0
592,20,-69.00,172.00,0,0.050811,1,18
593,0,0.00,0.00,1,0.050659,0,0
594,3,12.00,99.00,1,0.050507,0,0
595,20,21.00,-45.00,0,0.050355,13,10
596,0,0.00,0.00,1,0.050204,0,0
597,20,-20.00,80.00,0,0.050054,0,19
598,20,32.00,235.00,0,0.049903,10,1
599,20,66.00,194.00,0,0.049754,10,0
600,20,-44.00,149.00,0,0.049605,13,2
601,0,0.00,0.00,1,0.049456,0,0
602,20,-69.00,172.00,0,0.049307,1,18
603,0,0.00,0.00,1,0.049159,0,0
604,3,12.00,99.00,1,0.049012,0,0
605,20,54.00,-14.00,0,0.048865,6,14
606,0,0.00,0.00,1,0.048718,0,0
607,20,43.00,-125.00,0,0.048572,8,13
608,20,-57.00,195.00,0,0.048426,6,10
609,20,115.00,102.00,0,0.048281,10,0
610,20,-82.00,190.00,0,0.048136,6,0
611,0,0.00,0.00,1,0.047992,0,0
612,20,-69.00,172.00,0,0.047848,1,18
613,0,0.00,0.00,1,0.047704,0,0
614,3,12.00,99.00,1,0.047561,0,0
615,20,36.00,-10.00,0,0.047419,10,10
616,0,0.00,0.00,1,0.047276,0,0
617,20,-20.00,80.00,0,0.047134,0,19
618,20,-8.00,179.00,0,0.046993,12,3
619,20,66.00,194.00,0,0.046852,10,0
620,20,-78.00,241.00,0,0.046712,13,0
621,0,0.00,0.00,1,0.046571,0,0
622,20,-69.00,172.00,0,0.046432,2,16
623,0,0.00,0.00,1,0.046292,0,0
624,3,12.00,99.00,1,0.046154,0,0
625,20,29.00,-27.00,0,0.046015,9,12
626,0,0.00,0.00,1,0.045877,0,0
627,20,-20.00,80.00,0,0.045739,0,19
628,20,-13.00,240.00,0,0.045602,11,1
629,20,66.00,194.00,0,0.045465,10,1
630,20,-78.00,180.00,0,0.045329,14,1
631,0,0.00,0.00,1,0.045193,0,0
632,20,-69.00,172.00,0,0.045057,1,18
633,0,0.00,0.00,1,0.044922,0,0
634,3,12.00,99.00,1,0.044787,0,0
635,20,-54.00,101.00,0,0.044653,3,14
636,0,0.00,0.00,1,0.044519,0,0
637,20,-20.00,80.00,0,0.044386,0,19
638,20,27.00,286.00,0,0.044252,10,0
639,20,66.00,194.00,0,0.044120,10,0
640,20,-88.00,195.00,0,0.043987,14,1
641,0,0.00,0.00,1,0.043855,0,0
642,20,-69.00,172.00,0,0.043724,1,18
643,0,0.00,0.00,1,0.043593,0,0
644,3,12.00,99.00,1,0.043462,0,0
645,20,-74.00,167.00,0,0.043331,2,18
646,0,0.00,0.00,1,0.043201,0,0
647,20,-20.00,80.00,0,0.043072,1,17
648,20,27.00,286.00,0,0.042943,10,0
649,20,66.00,194.00,0,0.042814,10,1
650,20,-83.00,195.00,0,0.042685,13,1
651,0,0.00,0.00,1,0.042557,0,0
652,20,-69.00,172.00,0,0.042430,1,18
653,0,0.00,0.00,1,0.042302,0,0
654,3,12.00,99.00,1,0.042175,0,0
655,20,72.00,-28.00,0,0.042049,3,18
656,0,0.00,0.00,1,0.041923,0,0
657,20,-30.00,80.00,0,0.041797,1,19
658,20,27.00,286.00,0,0.041672,10,0
659,20,66.00,194.00,0,0.041547,10,1
660,20,-88.00,195.00,0,0.041422,14,1
661,0,0.00,0.00,1,0.041298,0,0
662,20,-79.00,172.00,0,0.041174,2,18
663,0,0.00,0.00,1,0.041050,0,0
664,3,12.00,99.00,1,0.040927,0,0
665,20,42.00,-36.00,0,0.040804,6,16
666,0,0.00,0.00,1,0.040682,0,0
667,20,-20.00,80.00,0,0.040560,0,19
668,20,17.00,240.00,0,0.040438,11,1
669,20,66.00,194.00,0,0.040317,10,0
670,20,-78.00,241.00,0,0.040196,13,0
671,0,0.00,0.00,1,0.040075,0,0
672,20,-69.00,172.00,0,0.039955,1,18
673,0,0.00,0.00,1,0.039835,0,0
674,3,12.00,99.00,1,0.039716,0,0
675,20,-54.00,111.00,0,0.039597,1,18
676,0,0.00,0.00,1,0.039478,0,0
677,20,-20.00,80.00,0,0.039359,0,19
678,20,66.00,179.00,0,0.039241,11,2
679,20,-30.00,80.00,0,0.039124,1,0
680,20,-78.00,241.00,0,0.039006,13,0
681,0,0.00,0.00,1,0.038889,0,0
682,20,-89.00,157.00,0,0.038773,4,15
683,0,0.00,0.00,1,0.038656,0,0
684,3,12.00,99.00,1,0.038540,0,0
685,20,64.00,-16.00,0,0.038425,4,16
686,0,0.00,0.00,1,0.038309,0,0
687,20,-20.00,80.00,0,0.038194,2,15
688,20,27.00,225.00,0,0.038080,11,1
689,20,76.00,184.00,0,0.037966,9,2
690,20,-73.00,180.00,0,0.037852,14,1
691,0,0.00,0.00,1,0.037738,0,0
692,20,-69.00,172.00,0,0.037625,2,16
693,0,0.00,0.00,1,0.037512,0,0
694,4,16.00,88.00,1,0.037400,1,1
695,20,22.00,-24.00,0,0.037287,8,14
696,0,0.00,0.00,1,0.037175,0,0
697,20,-40.00,80.00,0,0.037064,4,11
698,20,27.00,286.00,0,0.036953,10,0
699,20,66.00,194.00,0,0.036842,10,0
700,20,-73.00,180.00,0,0.036731,14,1
701,0,0.00,0.00,1,0.036621,0,0
702,20,-74.00,172.00,0,0.036511,1,18
703,0,0.00,0.00,1,0.036402,0,0
704,3,12.00,99.00,1,0.036293,0,0
705,20,72.00,-28.00,0,0.036184,3,18
706,0,0.00,0.00,1,0.036075,0,0
707,20,-20.00,80.00,0,0.035967,0,19
708,20,27.00,286.00,0,0.035859,10,0
709,20,66.00,194.00,0,0.035751,10,0
710,20,-34.00,154.00,0,0.035644,12,1
711,0,0.00,0.00,1,0.035537,0,0
712,20,-69.00,172.00,0,0.035431,1,18
713,0,0.00,0.00,1,0.035324,0,0
714,3,12.00,99.00,1,0.035218,0,0
715,20,-69.00,126.00,0,0.035113,1,18
716,0,0.00,0.00,1,0.035007,0,0
717,20,-30.00,80.00,0,0.034902,2,15
718,20,27.00,240.00,0,0.034798,10,1
719,20,66.00,194.00,0,0.034693,10,0
720,20,-78.00,241.00,0,0.034589,13,0
721,0,0.00,0.00,1,0.034485,0,0
722,20,-69.00,172.00,0,0.034382,2,15
723,0,0.00,0.00,1,0.034279,0,0
724,3,12.00,99.00,1,0.034176,0,0
725,20,72.00,-28.00,0,0.034073,3,18
726,0,0.00,0.00,1,0.033971,0,0
727,20,-20.00,80.00,0,0.033869,0,19
728,20,27.00,286.00,0,0.033768,10,0
729,20,71.00,184.00,0,0.033666,9,1
730,20,-78.00,241.00,0,0.033565,13,0
731,0,0.00,0.00,1,0.033465,0,0
732,20,-69.00,172.00,0,0.033364,1,18
733,0,0.00,0.00,1,0.033264,0,0
734,3,12.00,99.00,1,0.033164,0,0
735,20,80.00,-20.00,0,0.033065,0,20
736,0,0.00,0.00,1,0.032966,0,0
737,20,-20.00,80.00,0,0.032867,0,19
738,20,27.00,286.00,0,0.032768,10,0
739,20,81.00,179.00,0,0.032670,10,1
740,20,-78.00,195.00,0,0.032572,13,1
741,0,0.00,0.00,1,0.032474,0,0
742,20,-69.00,172.00,0,0.032377,1,18
743,0,0.00,0.00,1,0.032280,0,0
744,3,12.00,99.00,1,0.032183,0,0
745,20,80.00,-30.00,0,0.032086,1,20
746,0,0.00,0.00,1,0.031990,0,0
747,20,-20.00,80.00,0,0.031894,0,19
748,20,27.00,286.00,0,0.031798,10,0
749,20,66.00,194.00,0,0.031703,10,0
750,20,-24.00,134.00,0,0.031608,13,2
751,0,0.00,0.00,1,0.031513,0,0
752,20,-69.00,172.00,0,0.031418,1,18
753,0,0.00,0.00,1,0.031324,0,0
754,3,12.00,99.00,1,0.031230,0,0
755,20,57.00,-26.00,0,0.031137,5,16
756,0,0.00,0.00,1,0.031043,0,0
757,20,-30.00,80.00,0,0.030950,1,19
758,20,-15.00,248.00,0,0.030857,8,0
759,20,71.00,194.00,0,0.030765,9,1
760,20,-73.00,180.00,0,0.030672,14,1
761,0,0.00,0.00,1,0.030580,0,0
762,20,-69.00,172.00,0,0.030489,1,18
763,0,0.00,0.00,1,0.030397,0,0
764,3,12.00,99.00,1,0.030306,0,0
765,20,-59.00,106.00,0,0.030215,3,14
766,0,0.00,0.00,1,0.030124,0,0
767,20,81.00,-78.00,0,0.030034,2,17
768,20,27.00,286.00,0,0.029944,10,0
769,20,66.00,194.00,0,0.029854,10,0
770,20,-88.00,180.00,0,0.029764,14,1
771,0,0.00,0.00,1,0.029675,0,0
772,20,-79.00,164.00,0,0.029586,3,16
773,0,0.00,0.00,1,0.029497,0,0
774,3,12.00,99.00,1,0.029409,0,0
775,20,3.00,48.00,0,0.029321,3,16
776,0,0.00,0.00,1,0.029233,0,0
777,20,-30.00,80.00,0,0.029145,1,19
778,20,76.00,179.00,0,0.029058,10,2
779,20,71.00,179.00,0,0.028970,11,1
780,20,-78.00,241.00,0,0.028883,13,0
781,0,0.00,0.00,1,0.028797,0,0
782,20,-69.00,172.00,0,0.028710,1,18
783,0,0.00,0.00,1,0.028624,0,0
784,3,12.00,99.00,1,0.028538,0,0
785,20,80.00,-20.00,0,0.028453,0,20
786,0,0.00,0.00,1,0.028367,0,0
787,20,-20.00,80.00,0,0.028282,0,19
788,20,27.00,286.00,0,0.028198,10,0
789,20,66.00,194.00,0,0.028113,10,0
790,20,-78.00,241.00,0,0.028029,13,0
791,0,0.00,0.00,1,0.027944,0,0
792,20,-77.00,210.00,0,0.027861,4,14
793,0,0.00,0.00,1,0.027777,0,0
794,3,12.00,99.00,1,0.027694,0,0
795,20,80.00,-30.00,0,0.027611,1,20
796,0,0.00,0.00,1,0.027528,0,0
797,20,-30.00,80.00,0,0.027445,1,19
798,20,78.00,186.00,0,0.027363,11,0
799,20,66.00,194.00,0,0.027281,10,0
800,20,-93.00,256.00,0,0.027199,13,0
801,0,0.00,0.00,1,0.027117,0,0
802,20,-69.00,172.00,0,0.027036,1,18
803,0,0.00,0.00,1,0.026955,0,0
804,3,12.00,99.00,1,0.026874,0,0
805,20,62.00,-16.00,0,0.026793,4,16
806,0,0.00,0.00,1,0.026713,0,0
807,20,-20.00,80.00,0,0.026633,0,19
808,20,27.00,286.00,0,0.026553,10,0
809,20,66.00,194.00,0,0.026473,10,0
810,20,-78.00,241.00,0,0.026394,13,0
811,0,0.00,0.00,1,0.026315,0,0
812,20,-69.00,172.00,0,0.026236,1,18
813,0,0.00,0.00,1,0.026157,0,0
814,3,12.00,99.00,1,0.026079,0,0
815,20,80.00,-20.00,0,0.026000,0,20
816,0,0.00,0.00,1,0.025922,0,0
817,20,-20.00,80.00,0,0.025845,0,19
818,20,76.00,186.00,0,0.025767,10,0
819,20,66.00,194.00,0,0.025690,10,0
820,20,-78.00,241.00,0,0.025613,13,0
821,0,0.00,0.00,1,0.025536,0,0
822,20,-69.00,172.00,0,0.025459,1,18
823,0,0.00,0.00,1,0.025383,0,0
824,3,12.00,99.00,1,0.025307,0,0
825,20,80.00,-30.00,0,0.025231,1,20
826,0,0.00,0.00,1,0.025155,0,0
827,20,-20.00,80.00,0,0.025080,0,19
828,20,27.00,240.00,0,0.025004,10,1
829,20,66.00,194.00,0,0.024929,10,0
830,20,-78.00,241.00,0,0.024855,13,0
831,0,0.00,0.00,1,0.024780,0,0
832,20,-69.00,172.00,0,0.024706,1,18
833,0,0.00,0.00,1,0.024632,0,0
834,3,12.00,99.00,1,0.024558,0,0
835,20,80.00,-20.00,0,0.024484,0,20
836,0,0.00,0.00,1,0.024411,0,0
837,20,-25.00,80.00,0,0.024337,0,19
838,20,27.00,286.00,0,0.024264,10,0
839,20,66.00,194.00,0,0.024192,10,0
840,20,-78.00,195.00,0,0.024119,13,1
841,0,0.00,0.00,1,0.024047,0,0
842,20,-69.00,172.00,0,0.023974,1,18
843,0,0.00,0.00,1,0.023903,0,0
844,3,12.00,99.00,1,0.023831,0,0
845,20,-64.00,167.00,0,0.023759,1,18
846,0,0.00,0.00,1,0.023688,0,0
847,20,-20.00,80.00,0,0.023617,0,19
848,20,17.00,240.00,0,0.023546,11,1
849,20,66.00,194.00,0,0.023476,10,0
850,20,-78.00,241.00,0,0.023405,13,0
851,0,0.00,0.00,1,0.023335,0,0
852,20,-69.00,172.00,0,0.023265,1,18
853,0,0.00,0.00,1,0.023195,0,0
854,3,12.00,99.00,1,0.023126,0,0
855,20,80.00,-20.00,0,0.023056,0,20

# Summary
# FirstGoalEpisode,1
# TotalGoalCount,87
# GoalRate_last100,0.40
